{"data":[{"coloraxis":"coloraxis","name":"0","x":["ACTIVITY_ALOT","ACTIVITY_LITTLE","ACTIVITY_MODERATE","EDUCATION_college","EDUCATION_high_school","EDUCATION_less_than_high_school","FEMALE","HYPERTENSION","UNDERWEIGHT","HEALTHYWEIGHT","OVERWEIGHT","OBESE","SMOKE_3CAT_CURRENT","SMOKE_3CAT_FORMER","SMOKE_3CAT_NEVER","RACE4_BLACK","RACE4_HISPANIC","RACE4_OTHER","RACE4_WHITE"],"y":["ACTIVITY_ALOT","ACTIVITY_LITTLE","ACTIVITY_MODERATE","EDUCATION_college","EDUCATION_high_school","EDUCATION_less_than_high_school","FEMALE","HYPERTENSION","UNDERWEIGHT","HEALTHYWEIGHT","OVERWEIGHT","OBESE","SMOKE_3CAT_CURRENT","SMOKE_3CAT_FORMER","SMOKE_3CAT_NEVER","RACE4_BLACK","RACE4_HISPANIC","RACE4_OTHER","RACE4_WHITE"],"z":[[1.0,0.0,0.0,0.1305732484076433,0.11711711711711711,0.0472972972972973,0.08469055374592833,0.11397058823529412,0.0,0.0871559633027523,0.1258741258741259,0.11231884057971014,0.03333333333333333,0.15112540192926044,0.10951008645533142,0.07916666666666666,0.0949367088607595,0.010638297872340425,0.1354679802955665],[0.0,1.0,0.0,0.22323462414578588,0.29439252336448596,0.12709030100334448,0.30710659898477155,0.2216624685138539,0.0,0.1903409090909091,0.2413793103448276,0.23484848484848486,0.11589403973509933,0.27058823529411763,0.27415730337078653,0.20821917808219179,0.13782051282051283,0.010948905109489052,0.30425963488843816],[0.0,0.0,1.0,0.30617283950617286,0.2727272727272727,0.06472491909385113,0.23058252427184467,0.2454308093994778,0.003787878787878788,0.17094017094017094,0.24310776942355888,0.23969072164948454,0.08223684210526316,0.2459016393442623,0.31529411764705884,0.20277777777777778,0.07763975155279502,0.0037313432835820895,0.35106382978723405],[0.1305732484076433,0.22323462414578588,0.30617283950617286,1.0,0.0,0.0,0.19811320754716982,0.2545931758530184,0.0,0.1737891737891738,0.24561403508771928,0.2358974358974359,0.057692307692307696,0.27817745803357313,0.30536130536130535,0.13612565445026178,0.08074534161490683,0.007462686567164179,0.41019955654101997],[0.11711711711711711,0.29439252336448596,0.2727272727272727,0.0,1.0,0.0,0.2995049504950495,0.21621621621621623,0.0035460992907801418,0.1850828729281768,0.23557692307692307,0.2537688442211055,0.11935483870967742,0.28805620608899296,0.2681318681318681,0.21236559139784947,0.08955223880597014,0.01056338028169014,0.35196687370600416],[0.0472972972972973,0.12709030100334448,0.06472491909385113,0.0,0.0,1.0,0.11191335740072202,0.10317460317460317,0.0,0.07614213197969544,0.10408921933085502,0.07633587786259542,0.08333333333333333,0.0707395498392283,0.10091743119266056,0.16417910447761194,0.1297709923664122,0.0,0.035629453681710214],[0.08469055374592833,0.30710659898477155,0.23058252427184467,0.19811320754716982,0.2995049504950495,0.11191335740072202,1.0,0.1968503937007874,0.0,0.21875,0.1964735516372796,0.21693121693121692,0.08833922261484099,0.17471264367816092,0.35858585858585856,0.24848484848484848,0.16428571428571428,0.008130081300813009,0.22554890219560877],[0.11397058823529412,0.2216624685138539,0.2454308093994778,0.2545931758530184,0.21621621621621623,0.10317460317460317,0.1968503937007874,1.0,0.004694835680751174,0.12149532710280374,0.2191780821917808,0.25,0.09019607843137255,0.22391857506361323,0.2512315270935961,0.2088607594936709,0.12121212121212122,0.009259259259259259,0.23991507430997877],[0.0,0.0,0.003787878787878788,0.0,0.0035460992907801418,0.0,0.0,0.004694835680751174,1.0,0.0,0.0,0.0,0.0,0.0037313432835820895,0.0,0.0,0.0,0.0,0.0026954177897574125],[0.0871559633027523,0.1903409090909091,0.17094017094017094,0.1737891737891738,0.1850828729281768,0.07614213197969544,0.21875,0.12149532710280374,0.0,1.0,0.0,0.0,0.13368983957219252,0.15598885793871867,0.17553191489361702,0.12056737588652482,0.07476635514018691,0.006622516556291391,0.22748815165876776],[0.1258741258741259,0.2413793103448276,0.24310776942355888,0.24561403508771928,0.23557692307692307,0.10408921933085502,0.1964735516372796,0.2191780821917808,0.0,0.0,1.0,0.0,0.07608695652173914,0.26582278481012656,0.2517814726840855,0.16909620991253643,0.11307420494699646,0.017167381974248927,0.2967741935483871],[0.11231884057971014,0.23484848484848486,0.23969072164948454,0.2358974358974359,0.2537688442211055,0.07633587786259542,0.21693121693121692,0.25,0.0,0.0,0.0,1.0,0.06818181818181818,0.2340966921119593,0.2641975308641975,0.2253968253968254,0.12781954887218044,0.0,0.23529411764705882],[0.03333333333333333,0.11589403973509933,0.08223684210526316,0.057692307692307696,0.11935483870967742,0.08333333333333333,0.08833922261484099,0.09019607843137255,0.0,0.13368983957219252,0.07608695652173914,0.06818181818181818,1.0,0.0,0.0,0.14705882352941177,0.020689655172413793,0.014492753623188406,0.07654320987654321],[0.15112540192926044,0.27058823529411763,0.2459016393442623,0.27817745803357313,0.28805620608899296,0.0707395498392283,0.17471264367816092,0.22391857506361323,0.0037313432835820895,0.15598885793871867,0.26582278481012656,0.2340966921119593,0.0,1.0,0.0,0.15915119363395225,0.07668711656441718,0.007380073800738007,0.3951965065502183],[0.10951008645533142,0.27415730337078653,0.31529411764705884,0.30536130536130535,0.2681318681318681,0.10091743119266056,0.35858585858585856,0.2512315270935961,0.0,0.17553191489361702,0.2517814726840855,0.2641975308641975,0.0,0.0,1.0,0.2051948051948052,0.17027863777089783,0.006711409395973154,0.3136094674556213],[0.07916666666666666,0.20821917808219179,0.20277777777777778,0.13612565445026178,0.21236559139784947,0.16417910447761194,0.24848484848484848,0.2088607594936709,0.0,0.12056737588652482,0.16909620991253643,0.2253968253968254,0.14705882352941177,0.15915119363395225,0.2051948051948052,1.0,0.0,0.0,0.0],[0.0949367088607595,0.13782051282051283,0.07763975155279502,0.08074534161490683,0.08955223880597014,0.1297709923664122,0.16428571428571428,0.12121212121212122,0.0,0.07476635514018691,0.11307420494699646,0.12781954887218044,0.020689655172413793,0.07668711656441718,0.17027863777089783,0.0,1.0,0.0,0.0],[0.010638297872340425,0.010948905109489052,0.0037313432835820895,0.007462686567164179,0.01056338028169014,0.0,0.008130081300813009,0.009259259259259259,0.0,0.006622516556291391,0.017167381974248927,0.0,0.014492753623188406,0.007380073800738007,0.006711409395973154,0.0,0.0,1.0,0.0],[0.1354679802955665,0.30425963488843816,0.35106382978723405,0.41019955654101997,0.35196687370600416,0.035629453681710214,0.22554890219560877,0.23991507430997877,0.0026954177897574125,0.22748815165876776,0.2967741935483871,0.23529411764705882,0.07654320987654321,0.3951965065502183,0.3136094674556213,0.0,0.0,0.0,1.0]],"type":"heatmap","xaxis":"x","yaxis":"y","hovertemplate":"x: %{x}\u003cbr\u003ey: %{y}\u003cbr\u003eJaccard similarity score: %{z}\u003cextra\u003e\u003c\u002fextra\u003e"}],"layout":{"template":{"data":{"histogram2dcontour":[{"type":"histogram2dcontour","colorbar":{"outlinewidth":0,"ticks":""},"colorscale":[[0.0,"#0d0887"],[0.1111111111111111,"#46039f"],[0.2222222222222222,"#7201a8"],[0.3333333333333333,"#9c179e"],[0.4444444444444444,"#bd3786"],[0.5555555555555556,"#d8576b"],[0.6666666666666666,"#ed7953"],[0.7777777777777778,"#fb9f3a"],[0.8888888888888888,"#fdca26"],[1.0,"#f0f921"]]}],"choropleth":[{"type":"choropleth","colorbar":{"outlinewidth":0,"ticks":""}}],"histogram2d":[{"type":"histogram2d","colorbar":{"outlinewidth":0,"ticks":""},"colorscale":[[0.0,"#0d0887"],[0.1111111111111111,"#46039f"],[0.2222222222222222,"#7201a8"],[0.3333333333333333,"#9c179e"],[0.4444444444444444,"#bd3786"],[0.5555555555555556,"#d8576b"],[0.6666666666666666,"#ed7953"],[0.7777777777777778,"#fb9f3a"],[0.8888888888888888,"#fdca26"],[1.0,"#f0f921"]]}],"heatmap":[{"type":"heatmap","colorbar":{"outlinewidth":0,"ticks":""},"colorscale":[[0.0,"#0d0887"],[0.1111111111111111,"#46039f"],[0.2222222222222222,"#7201a8"],[0.3333333333333333,"#9c179e"],[0.4444444444444444,"#bd3786"],[0.5555555555555556,"#d8576b"],[0.6666666666666666,"#ed7953"],[0.7777777777777778,"#fb9f3a"],[0.8888888888888888,"#fdca26"],[1.0,"#f0f921"]]}],"heatmapgl":[{"type":"heatmapgl","colorbar":{"outlinewidth":0,"ticks":""},"colorscale":[[0.0,"#0d0887"],[0.1111111111111111,"#46039f"],[0.2222222222222222,"#7201a8"],[0.3333333333333333,"#9c179e"],[0.4444444444444444,"#bd3786"],[0.5555555555555556,"#d8576b"],[0.6666666666666666,"#ed7953"],[0.7777777777777778,"#fb9f3a"],[0.8888888888888888,"#fdca26"],[1.0,"#f0f921"]]}],"contourcarpet":[{"type":"contourcarpet","colorbar":{"outlinewidth":0,"ticks":""}}],"contour":[{"type":"contour","colorbar":{"outlinewidth":0,"ticks":""},"colorscale":[[0.0,"#0d0887"],[0.1111111111111111,"#46039f"],[0.2222222222222222,"#7201a8"],[0.3333333333333333,"#9c179e"],[0.4444444444444444,"#bd3786"],[0.5555555555555556,"#d8576b"],[0.6666666666666666,"#ed7953"],[0.7777777777777778,"#fb9f3a"],[0.8888888888888888,"#fdca26"],[1.0,"#f0f921"]]}],"surface":[{"type":"surface","colorbar":{"outlinewidth":0,"ticks":""},"colorscale":[[0.0,"#0d0887"],[0.1111111111111111,"#46039f"],[0.2222222222222222,"#7201a8"],[0.3333333333333333,"#9c179e"],[0.4444444444444444,"#bd3786"],[0.5555555555555556,"#d8576b"],[0.6666666666666666,"#ed7953"],[0.7777777777777778,"#fb9f3a"],[0.8888888888888888,"#fdca26"],[1.0,"#f0f921"]]}],"mesh3d":[{"type":"mesh3d","colorbar":{"outlinewidth":0,"ticks":""}}],"scatter":[{"fillpattern":{"fillmode":"overlay","size":10,"solidity":0.2},"type":"scatter"}],"parcoords":[{"type":"parcoords","line":{"colorbar":{"outlinewidth":0,"ticks":""}}}],"scatterpolargl":[{"type":"scatterpolargl","marker":{"colorbar":{"outlinewidth":0,"ticks":""}}}],"bar":[{"error_x":{"color":"#2a3f5f"},"error_y":{"color":"#2a3f5f"},"marker":{"line":{"color":"#E5ECF6","width":0.5},"pattern":{"fillmode":"overlay","size":10,"solidity":0.2}},"type":"bar"}],"scattergeo":[{"type":"scattergeo","marker":{"colorbar":{"outlinewidth":0,"ticks":""}}}],"scatterpolar":[{"type":"scatterpolar","marker":{"colorbar":{"outlinewidth":0,"ticks":""}}}],"histogram":[{"marker":{"pattern":{"fillmode":"overlay","size":10,"solidity":0.2}},"type":"histogram"}],"scattergl":[{"type":"scattergl","marker":{"colorbar":{"outlinewidth":0,"ticks":""}}}],"scatter3d":[{"type":"scatter3d","line":{"colorbar":{"outlinewidth":0,"ticks":""}},"marker":{"colorbar":{"outlinewidth":0,"ticks":""}}}],"scattermapbox":[{"type":"scattermapbox","marker":{"colorbar":{"outlinewidth":0,"ticks":""}}}],"scatterternary":[{"type":"scatterternary","marker":{"colorbar":{"outlinewidth":0,"ticks":""}}}],"scattercarpet":[{"type":"scattercarpet","marker":{"colorbar":{"outlinewidth":0,"ticks":""}}}],"carpet":[{"aaxis":{"endlinecolor":"#2a3f5f","gridcolor":"white","linecolor":"white","minorgridcolor":"white","startlinecolor":"#2a3f5f"},"baxis":{"endlinecolor":"#2a3f5f","gridcolor":"white","linecolor":"white","minorgridcolor":"white","startlinecolor":"#2a3f5f"},"type":"carpet"}],"table":[{"cells":{"fill":{"color":"#EBF0F8"},"line":{"color":"white"}},"header":{"fill":{"color":"#C8D4E3"},"line":{"color":"white"}},"type":"table"}],"barpolar":[{"marker":{"line":{"color":"#E5ECF6","width":0.5},"pattern":{"fillmode":"overlay","size":10,"solidity":0.2}},"type":"barpolar"}],"pie":[{"automargin":true,"type":"pie"}]},"layout":{"autotypenumbers":"strict","colorway":["#636efa","#EF553B","#00cc96","#ab63fa","#FFA15A","#19d3f3","#FF6692","#B6E880","#FF97FF","#FECB52"],"font":{"color":"#2a3f5f"},"hovermode":"closest","hoverlabel":{"align":"left"},"paper_bgcolor":"white","plot_bgcolor":"#E5ECF6","polar":{"bgcolor":"#E5ECF6","angularaxis":{"gridcolor":"white","linecolor":"white","ticks":""},"radialaxis":{"gridcolor":"white","linecolor":"white","ticks":""}},"ternary":{"bgcolor":"#E5ECF6","aaxis":{"gridcolor":"white","linecolor":"white","ticks":""},"baxis":{"gridcolor":"white","linecolor":"white","ticks":""},"caxis":{"gridcolor":"white","linecolor":"white","ticks":""}},"coloraxis":{"colorbar":{"outlinewidth":0,"ticks":""}},"colorscale":{"sequential":[[0.0,"#0d0887"],[0.1111111111111111,"#46039f"],[0.2222222222222222,"#7201a8"],[0.3333333333333333,"#9c179e"],[0.4444444444444444,"#bd3786"],[0.5555555555555556,"#d8576b"],[0.6666666666666666,"#ed7953"],[0.7777777777777778,"#fb9f3a"],[0.8888888888888888,"#fdca26"],[1.0,"#f0f921"]],"sequentialminus":[[0.0,"#0d0887"],[0.1111111111111111,"#46039f"],[0.2222222222222222,"#7201a8"],[0.3333333333333333,"#9c179e"],[0.4444444444444444,"#bd3786"],[0.5555555555555556,"#d8576b"],[0.6666666666666666,"#ed7953"],[0.7777777777777778,"#fb9f3a"],[0.8888888888888888,"#fdca26"],[1.0,"#f0f921"]],"diverging":[[0,"#8e0152"],[0.1,"#c51b7d"],[0.2,"#de77ae"],[0.3,"#f1b6da"],[0.4,"#fde0ef"],[0.5,"#f7f7f7"],[0.6,"#e6f5d0"],[0.7,"#b8e186"],[0.8,"#7fbc41"],[0.9,"#4d9221"],[1,"#276419"]]},"xaxis":{"gridcolor":"white","linecolor":"white","ticks":"","title":{"standoff":15},"zerolinecolor":"white","automargin":true,"zerolinewidth":2},"yaxis":{"gridcolor":"white","linecolor":"white","ticks":"","title":{"standoff":15},"zerolinecolor":"white","automargin":true,"zerolinewidth":2},"scene":{"xaxis":{"backgroundcolor":"#E5ECF6","gridcolor":"white","linecolor":"white","showbackground":true,"ticks":"","zerolinecolor":"white","gridwidth":2},"yaxis":{"backgroundcolor":"#E5ECF6","gridcolor":"white","linecolor":"white","showbackground":true,"ticks":"","zerolinecolor":"white","gridwidth":2},"zaxis":{"backgroundcolor":"#E5ECF6","gridcolor":"white","linecolor":"white","showbackground":true,"ticks":"","zerolinecolor":"white","gridwidth":2}},"shapedefaults":{"line":{"color":"#2a3f5f"}},"annotationdefaults":{"arrowcolor":"#2a3f5f","arrowhead":0,"arrowwidth":1},"geo":{"bgcolor":"white","landcolor":"#E5ECF6","subunitcolor":"white","showland":true,"showlakes":true,"lakecolor":"white"},"title":{"x":0.05},"mapbox":{"style":"light"}}},"xaxis":{"anchor":"y","domain":[0.0,1.0],"scaleanchor":"y","constrain":"domain"},"yaxis":{"anchor":"x","domain":[0.0,1.0],"autorange":"reversed","constrain":"domain"},"coloraxis":{"colorbar":{"title":{"text":"Jaccard similarity score"},"len":0.9,"y":0.5,"x":1.12,"yanchor":"middle"},"colorscale":[[0.0,"rgb(255,245,240)"],[0.125,"rgb(254,224,210)"],[0.25,"rgb(252,187,161)"],[0.375,"rgb(252,146,114)"],[0.5,"rgb(251,106,74)"],[0.625,"rgb(239,59,44)"],[0.75,"rgb(203,24,29)"],[0.875,"rgb(165,15,21)"],[1.0,"rgb(103,0,13)"]],"cmid":0.5},"margin":{"t":60},"height":690,"width":1000}}